now
may
4
160347
4A
1721
21
now
0
10
10
5.31
0
2
0
1500
0
may
night
may
may
2
3
4
this
second
now
this
second
now
3
4
2
1
2
3
4
this second
now
0
0
1
6.14
6.21
6.28
6.14
6.21
6.28
sat
3-8
0
9.4731
1
20
2.4103
1
1
1.08
8a
9A
1.2016
0
1.1942
3.2658
9.5045
0
9.4731
1.08
now
may
days ago
1
now
years ago
9
12
1
1
0
0
0
0
0
0
0
0
0
0
0
0
0
0
0
0
0
0
9
0
0
0
0
0
0
0
0
0
0
0
0
0
0
0
0
0
0
1
0.48
1.00
1.00
1.00
1.00
1.00
1.00
1.00
1.00
1.00
1.00
1.00
1.00
0.50
1.00
1.00
1.00
1.00
1.00
1.00
1.00
3
10
0
0
0
0
0
0
0
0
0
0
0
0
0
0
0
0
0
0
6.4516
0.0047
0.0642
7.2922
0.00
1.00
1.00
1.00
1.00
1.00
1.00
1.00
1.00
1.00
1.00
1.00
1.00
0.50
1.00
1.00
1.00
1.00
1.00
1.00
1.00
12
0.00
0.50
1.00
1.00
1.00
1.00
1.00
0.50
1.00
1.00
1.00
0.50
0.50
1.00
1.00
1.00
1.00
1.00
1.00
1.00
1.00
1.00
1.00
1.00
1.00
1.00
1.00
1.00
1.00
1.00
1.00
1.00
0.48
3.2258
0.0044
0.04
0.00
0.00
0.34
10
3.2258
0.0022
0.04
3.32
0.00
0.00
1
0
1
0.00
15
5
10
7
20

0
0.00
2/1
0
0
0
0
0
0
0
0
0
0
0
0
0.01
0.04
3.2258
0.0022
0.04
3.32
0.00
1.00
1.00
1.00
1.00
1.00
1.00
0.50
1.00
1.00
1.00
1.00
1.00
1.00
1.00
1.00
1.00
1.00
1.00
1.00
1.00
1.00
1.00
1.00
1.00
1.00
1.00
1.00
1.00
1.00
0
0
0
0
0
0
0
0
0
0
0
0
0
0
0
0
0
0
0
0
0
0
0
0
0
0
0
0
0
0.25
0
0
0
0
0
0
0
0
0
0
0
0
0
0
0
0
0
0
0
0
0
0.07
0.03
6.4516
0.0047
0.0642
7.2922
0.00
0.00
1.00
1.00
1.00
1.00
1.00
0.50
1.00
1.00
1.00
1.00
1.00
1.00
1.00
1.00
1.00
1.00
1.00
1.00
1.00
1.00
1.00
1.00
1.00
1.00
1.00
1.00
1.00
1.00
0
0
0
0
0
0
0
0
0
0
0
0
0
0
0
0
0
0
0
0
0
0
0
0
0
0
0
0
0
0
0
0.00
0
0.00
0.29
0.34
0.48
0.48
0.04
3.2258
0.0044
0.04
0.00
1.00
1.00
1.00
1.00
1.00
1.00
0.50
1.00
1.00
1.00
1.00
1.00
1.00
1.00
1.00
1.00
1.00
1.00
1.00
1.00
1.00
1.00
1.00
1.00
1.00
1.00
1.00
1.00
1.00
0
0
0
0
0
0
0
0
0
0
0
0
0
0
0
0
0
0
0
0
0
0
0
0
0
0
0
0
0
3
9
12
3
Now
now
Now
years ago
0
now
years ago
0
19
19
19
19
19
055706
055706
055706
055706
055706
055706
055706
055706
055706
055706 p
0
055706
055706
055706
055706
055706
055706
0
now
fall
now
may
Thus
now
now
1 Mt
0.25
may or
may
now
now
may
Thus
now
1 Mt
0.25
may or
may
now
NOW
NOW
past months
1.25
now
now
9-8287-8826
8A
10a
3
1 Now
years ago
now
years ago
now
1.50
1.53
1.32
6.55
5.00
1.55
6.55
1.50
1.53
1.32
6.55
5.00
1.55
6.55
012441
may or may
11
One day
2
2
now
may
1-888
last 90 days
may
1-888
0212

1A
1A
1A
1A
now
1A
1A
1A
1A
1A
1A
may
1A
1A
may
1A
1A
1A
1A
1A
1A
1A
1A
1A
1A
1A
1A
1A
This may
This may
Now
now
now
now
now
19
1
now
now
19
00
2 1/2
now
now
19
19
years ago
years ago
now
3
55 Second
3A
3A
3A
0-35
3A
1
A
Now
2
A
03a
03a
Night
0
0
now
at 20
one month
10 Years
at 20
0-35
03a
Night
03a
0
for ten
weeks
now
now
now
1.55
6.55
1-42
1.50
1.16
6.55
0.54
5.00
1.55
6.55
1-42
1.55
08
1-42
1.50
2.11
1.31
6.55
0.08
5.00
1.55
6.55
2-a642-41
1.50
2.11
1.31
6.55
0.08
5.00
1.55
6.55
2-a642-41
0.00
0.00
0.53
0.05
0.03
0.10
0.04
0.07
0.02
0.01
0.17
0.43
0.00
12.50
6.50
6.50
may
22
0.00
0.00
0.53
0.05
0.03
0.10
0.04
may
may
18 YEARS
now
10 to 10
now
may
weeks ago
now
now
10.10
3A
3A
3A
3A
Now
Now
1-24
1-24
0
0
1-24
0
00
1-24
1-24
11
20
22
0
0
1-24
1-24
0
0
1-24
1-24
11
20
22
0
0
1.50
1.51
6.55
1.05
5.00
100012
26 Years and 3
3
33 years
10 Minutes from

